<!-- kv3 encoding:text:version{e21c7f3c-8a33-41c5-9977-a76d3a32aa0d} format:generic:version{7412167c-06e9-4698-aff2-e63eb59037e7} -->
{
	_class = "CRenderMesh"
	m_sceneObjects = 
	[
		
		{
			m_vMinBounds = 
			[
				-294.886444,
				-104.477028,
				1.455973,
			]
			m_vMaxBounds = 
			[
				50.128899,
				104.477013,
				169.064972,
			]
			m_drawCalls = 
			[
				
				{
					m_nPrimitiveType = "RENDER_PRIM_TRIANGLES"
					m_nBaseVertex = 0
					m_nVertexCount = 260
					m_nStartIndex = 0
					m_nIndexCount = 1032
					m_nStartInstance = 0
					m_nInstanceCount = 0
					m_flUvDensity = 60.913239
					m_vTintColor = 
					[
						1.000000,
						1.000000,
						1.000000,
					]
					m_CullDataIndex = -1
					m_indexBuffer = 
					{
						m_hBuffer = 0
						m_nBindOffsetBytes = 0
					}
					m_material = resource:"materials/models/creeps/sand_king_desert_boss/sand_king_desert_boss_shoulder.vmat"
					m_vertexBuffers = 
					[
						
						{
							m_hBuffer = 0
							m_nBindOffsetBytes = 0
						},
					]
					m_bUseCompressedNormalTangent = true
				},
				
				{
					m_nPrimitiveType = "RENDER_PRIM_TRIANGLES"
					m_nBaseVertex = 0
					m_nVertexCount = 470
					m_nStartIndex = 0
					m_nIndexCount = 1800
					m_nStartInstance = 0
					m_nInstanceCount = 0
					m_flUvDensity = 74.860474
					m_vTintColor = 
					[
						1.000000,
						1.000000,
						1.000000,
					]
					m_CullDataIndex = -1
					m_indexBuffer = 
					{
						m_hBuffer = 1
						m_nBindOffsetBytes = 0
					}
					m_material = resource:"materials/models/creeps/sand_king_desert_boss/sand_king_desert_boss_legs.vmat"
					m_vertexBuffers = 
					[
						
						{
							m_hBuffer = 1
							m_nBindOffsetBytes = 0
						},
					]
					m_bUseCompressedNormalTangent = true
				},
				
				{
					m_nPrimitiveType = "RENDER_PRIM_TRIANGLES"
					m_nBaseVertex = 0
					m_nVertexCount = 1592
					m_nStartIndex = 0
					m_nIndexCount = 7758
					m_nStartInstance = 0
					m_nInstanceCount = 0
					m_flUvDensity = 123.880714
					m_vTintColor = 
					[
						1.000000,
						1.000000,
						1.000000,
					]
					m_CullDataIndex = -1
					m_indexBuffer = 
					{
						m_hBuffer = 2
						m_nBindOffsetBytes = 0
					}
					m_material = resource:"materials/models/creeps/sand_king_desert_boss/sand_king_desert_boss.vmat"
					m_vertexBuffers = 
					[
						
						{
							m_hBuffer = 2
							m_nBindOffsetBytes = 0
						},
					]
					m_bUseCompressedNormalTangent = true
				},
				
				{
					m_nPrimitiveType = "RENDER_PRIM_TRIANGLES"
					m_nBaseVertex = 0
					m_nVertexCount = 1142
					m_nStartIndex = 0
					m_nIndexCount = 5070
					m_nStartInstance = 0
					m_nInstanceCount = 0
					m_flUvDensity = 44.041595
					m_vTintColor = 
					[
						1.000000,
						1.000000,
						1.000000,
					]
					m_CullDataIndex = -1
					m_indexBuffer = 
					{
						m_hBuffer = 3
						m_nBindOffsetBytes = 0
					}
					m_material = resource:"materials/models/creeps/sand_king_desert_boss/sand_king_desert_boss_head.vmat"
					m_vertexBuffers = 
					[
						
						{
							m_hBuffer = 3
							m_nBindOffsetBytes = 0
						},
					]
					m_bUseCompressedNormalTangent = true
				},
				
				{
					m_nPrimitiveType = "RENDER_PRIM_TRIANGLES"
					m_nBaseVertex = 0
					m_nVertexCount = 387
					m_nStartIndex = 0
					m_nIndexCount = 1494
					m_nStartInstance = 0
					m_nInstanceCount = 0
					m_flUvDensity = 47.193806
					m_vTintColor = 
					[
						1.000000,
						1.000000,
						1.000000,
					]
					m_CullDataIndex = -1
					m_indexBuffer = 
					{
						m_hBuffer = 4
						m_nBindOffsetBytes = 0
					}
					m_material = resource:"materials/models/items/nerubian_assassin/bts_nyx_silent_world_head/bts_nyx_silent_world_head.vmat"
					m_vertexBuffers = 
					[
						
						{
							m_hBuffer = 4
							m_nBindOffsetBytes = 0
						},
					]
					m_bUseCompressedNormalTangent = true
				},
				
				{
					m_nPrimitiveType = "RENDER_PRIM_TRIANGLES"
					m_nBaseVertex = 0
					m_nVertexCount = 265
					m_nStartIndex = 0
					m_nIndexCount = 1122
					m_nStartInstance = 0
					m_nInstanceCount = 0
					m_flUvDensity = 116.711533
					m_vTintColor = 
					[
						1.000000,
						1.000000,
						1.000000,
					]
					m_CullDataIndex = -1
					m_indexBuffer = 
					{
						m_hBuffer = 5
						m_nBindOffsetBytes = 0
					}
					m_material = resource:"materials/models/creeps/sand_king_desert_boss/sand_king_desert_boss_arms.vmat"
					m_vertexBuffers = 
					[
						
						{
							m_hBuffer = 5
							m_nBindOffsetBytes = 0
						},
					]
					m_bUseCompressedNormalTangent = true
				},
				
				{
					m_nPrimitiveType = "RENDER_PRIM_TRIANGLES"
					m_nBaseVertex = 0
					m_nVertexCount = 886
					m_nStartIndex = 0
					m_nIndexCount = 3654
					m_nStartInstance = 0
					m_nInstanceCount = 0
					m_flUvDensity = 85.791794
					m_vTintColor = 
					[
						1.000000,
						1.000000,
						1.000000,
					]
					m_CullDataIndex = -1
					m_indexBuffer = 
					{
						m_hBuffer = 6
						m_nBindOffsetBytes = 0
					}
					m_material = resource:"materials/models/creeps/sand_king_desert_boss/sand_king_desert_boss_sting.vmat"
					m_vertexBuffers = 
					[
						
						{
							m_hBuffer = 6
							m_nBindOffsetBytes = 0
						},
					]
					m_bUseCompressedNormalTangent = true
				},
			]
			m_drawCullData = 
			[
			]
			m_vTintColor = 
			[
				0.000000,
				0.000000,
				0.000000,
				0.000000,
			]
		},
	]
	m_constraints = 
	[
	]
	m_skeleton = 
	{
		m_bones = 
		[
			
			{
				m_boneName = "root"
				m_parentName = ""
				m_invBindPose = 
				[
					1.000000,
					0.000000,
					0.000000,
					6.779385,
					0.000000,
					1.000000,
					0.000000,
					-0.000000,
					0.000000,
					0.000000,
					1.000000,
					-38.618034,
				]
				m_bbox = 
				{
					m_vecCenter = 
					[
						-41.632133,
						-1.615078,
						-4.550503,
					]
					m_vecSize = 
					[
						66.504417,
						49.620770,
						27.776630,
					]
				}
				m_flSphereRadius = 108.461472
			},
			
			{
				m_boneName = "tail0_0"
				m_parentName = "root"
				m_invBindPose = 
				[
					-1.000000,
					-0.000000,
					0.000000,
					-60.114502,
					-0.000000,
					1.000000,
					0.000000,
					-0.000008,
					-0.000000,
					0.000000,
					-1.000000,
					30.961840,
				]
				m_bbox = 
				{
					m_vecCenter = 
					[
						38.200714,
						0.036453,
						-5.583660,
					]
					m_vecSize = 
					[
						61.314423,
						32.244720,
						23.055021,
					]
				}
				m_flSphereRadius = 102.251663
			},
			
			{
				m_boneName = "spine1"
				m_parentName = "root"
				m_invBindPose = 
				[
					0.181402,
					-0.000000,
					0.983409,
					-51.660446,
					-0.000000,
					1.000000,
					0.000000,
					-0.000003,
					-0.983409,
					-0.000000,
					0.181402,
					-12.058434,
				]
				m_bbox = 
				{
					m_vecCenter = 
					[
						-4.288620,
						0.000002,
						17.054333,
					]
					m_vecSize = 
					[
						44.952850,
						33.474503,
						38.283123,
					]
				}
				m_flSphereRadius = 63.145607
			},
			
			{
				m_boneName = "tail0_1"
				m_parentName = "tail0_0"
				m_invBindPose = 
				[
					-0.999961,
					0.000000,
					0.008825,
					-104.088379,
					0.000000,
					1.000000,
					0.000000,
					0.000006,
					-0.008825,
					0.000000,
					-0.999961,
					30.044434,
				]
				m_bbox = 
				{
					m_vecCenter = 
					[
						21.333633,
						0.940813,
						-6.225060,
					]
					m_vecSize = 
					[
						73.414856,
						33.221985,
						22.764690,
					]
				}
				m_flSphereRadius = 96.492043
			},
			
			{
				m_boneName = "spine2"
				m_parentName = "spine1"
				m_invBindPose = 
				[
					-0.093726,
					-0.000000,
					0.995598,
					-73.142731,
					-0.000000,
					1.000000,
					0.000000,
					-0.000003,
					-0.995598,
					0.000000,
					-0.093726,
					8.204185,
				]
				m_bbox = 
				{
					m_vecCenter = 
					[
						2.583582,
						0.145712,
						2.796984,
					]
					m_vecSize = 
					[
						30.099607,
						26.046494,
						25.275965,
					]
				}
				m_flSphereRadius = 41.301891
			},
			
			{
				m_boneName = "spine3"
				m_parentName = "spine2"
				m_invBindPose = 
				[
					0.175362,
					-0.000000,
					0.984504,
					-98.769173,
					-0.000000,
					1.000000,
					0.000000,
					-0.000006,
					-0.984504,
					-0.000000,
					0.175362,
					-18.836884,
				]
				m_bbox = 
				{
					m_vecCenter = 
					[
						6.351257,
						-0.000002,
						4.659726,
					]
					m_vecSize = 
					[
						41.629509,
						38.249474,
						33.451855,
					]
				}
				m_flSphereRadius = 62.419273
			},
			
			{
				m_boneName = "tail0_2"
				m_parentName = "tail0_1"
				m_invBindPose = 
				[
					-0.999844,
					0.000000,
					0.017650,
					-157.193802,
					0.000000,
					1.000000,
					0.000000,
					0.000011,
					-0.017650,
					0.000000,
					-0.999844,
					28.658278,
				]
				m_bbox = 
				{
					m_vecCenter = 
					[
						18.296608,
						0.000003,
						-3.909500,
					]
					m_vecSize = 
					[
						67.812477,
						23.109955,
						16.644213,
					]
				}
				m_flSphereRadius = 86.782715
			},
			
			{
				m_boneName = "tail0_3"
				m_parentName = "tail0_2"
				m_invBindPose = 
				[
					-0.999650,
					0.000000,
					0.026473,
					-204.054474,
					0.000000,
					1.000000,
					0.000003,
					-0.000076,
					-0.026473,
					0.000003,
					-0.999650,
					26.858482,
				]
				m_bbox = 
				{
					m_vecCenter = 
					[
						10.003860,
						0.000013,
						-1.366239,
					]
					m_vecSize = 
					[
						49.799484,
						19.731319,
						14.331462,
					]
				}
				m_flSphereRadius = 60.410038
			},
			
			{
				m_boneName = "quadThigh_R"
				m_parentName = "root"
				m_invBindPose = 
				[
					0.572845,
					0.707421,
					0.414010,
					32.658569,
					0.260541,
					0.321749,
					-0.910272,
					43.750015,
					-0.777153,
					0.629311,
					0.000000,
					-18.560650,
				]
				m_bbox = 
				{
					m_vecCenter = 
					[
						-4.866423,
						-7.259075,
						20.031609,
					]
					m_vecSize = 
					[
						42.193344,
						30.441441,
						30.815876,
					]
				}
				m_flSphereRadius = 60.708714
			},
			
			{
				m_boneName = "clavicle_L"
				m_parentName = "spine3"
				m_invBindPose = 
				[
					-0.000000,
					0.848397,
					-0.529361,
					58.390701,
					-0.988773,
					0.079098,
					0.126769,
					-21.259371,
					0.149422,
					0.523418,
					0.838872,
					-97.163055,
				]
				m_bbox = 
				{
					m_vecCenter = 
					[
						25.705006,
						-4.122108,
						-9.272678,
					]
					m_vecSize = 
					[
						30.176392,
						23.199133,
						17.897144,
					]
				}
				m_flSphereRadius = 57.700775
			},
			
			{
				m_boneName = "clavicle_R"
				m_parentName = "spine3"
				m_invBindPose = 
				[
					-0.000000,
					0.848397,
					0.529361,
					-58.390663,
					0.988774,
					0.079098,
					-0.126769,
					21.259417,
					-0.149422,
					0.523418,
					-0.838872,
					97.163071,
				]
				m_bbox = 
				{
					m_vecCenter = 
					[
						-25.970901,
						4.122117,
						10.856106,
					]
					m_vecSize = 
					[
						29.910503,
						23.199139,
						19.480579,
					]
				}
				m_flSphereRadius = 57.700790
			},
			
			{
				m_boneName = "quadThigh_A_L"
				m_parentName = "root"
				m_invBindPose = 
				[
					-0.572845,
					0.707421,
					-0.414010,
					-33.346569,
					-0.260541,
					0.321749,
					0.910272,
					-44.378269,
					0.777153,
					0.629311,
					0.000000,
					18.154959,
				]
				m_bbox = 
				{
					m_vecCenter = 
					[
						22.954565,
						12.668327,
						-2.884943,
					]
					m_vecSize = 
					[
						20.373930,
						24.403950,
						12.164268,
					]
				}
				m_flSphereRadius = 51.284348
			},
			
			{
				m_boneName = "bicep_L"
				m_parentName = "clavicle_L"
				m_invBindPose = 
				[
					0.234531,
					0.764910,
					-0.599923,
					44.029213,
					0.955478,
					-0.295050,
					-0.002662,
					13.652048,
					-0.179043,
					-0.572589,
					-0.800053,
					94.212357,
				]
				m_bbox = 
				{
					m_vecCenter = 
					[
						12.943007,
						-0.792689,
						2.775333,
					]
					m_vecSize = 
					[
						28.557165,
						10.364072,
						11.409801,
					]
				}
				m_flSphereRadius = 42.107067
			},
			
			{
				m_boneName = "bicep_R"
				m_parentName = "clavicle_R"
				m_invBindPose = 
				[
					-0.234531,
					0.764910,
					0.599923,
					-44.029190,
					-0.955478,
					-0.295050,
					0.002662,
					-13.652095,
					0.179043,
					-0.572590,
					0.800053,
					-94.212341,
				]
				m_bbox = 
				{
					m_vecCenter = 
					[
						-12.943003,
						-0.819612,
						-2.775307,
					]
					m_vecSize = 
					[
						28.557192,
						11.976364,
						11.409813,
					]
				}
				m_flSphereRadius = 42.107082
			},
			
			{
				m_boneName = "quadClavicle_R"
				m_parentName = "root"
				m_invBindPose = 
				[
					-0.074857,
					0.878031,
					0.472713,
					4.743701,
					-0.040156,
					0.471005,
					-0.881216,
					33.176140,
					-0.996385,
					-0.084948,
					0.000000,
					-26.696537,
				]
				m_bbox = 
				{
					m_vecCenter = 
					[
						-18.006067,
						2.403381,
						0.384365,
					]
					m_vecSize = 
					[
						18.674459,
						15.752880,
						10.064537,
					]
				}
				m_flSphereRadius = 36.816994
			},
			
			{
				m_boneName = "quadKnee_R"
				m_parentName = "quadThigh_R"
				m_invBindPose = 
				[
					0.481563,
					0.502468,
					-0.718069,
					64.079010,
					0.653364,
					-0.751914,
					-0.087981,
					5.552898,
					-0.584134,
					-0.426792,
					-0.690388,
					-46.980934,
				]
				m_bbox = 
				{
					m_vecCenter = 
					[
						-10.108433,
						-4.660313,
						-9.166997,
					]
					m_vecSize = 
					[
						25.509083,
						14.786633,
						19.179901,
					]
				}
				m_flSphereRadius = 37.136684
			},
			
			{
				m_boneName = "quadClavicle_L"
				m_parentName = "root"
				m_invBindPose = 
				[
					0.686437,
					0.598472,
					-0.413081,
					1.434393,
					0.311361,
					0.271460,
					0.910694,
					-28.263802,
					0.657160,
					-0.753752,
					-0.000000,
					22.182526,
				]
				m_bbox = 
				{
					m_vecCenter = 
					[
						14.524752,
						-1.707232,
						-2.151493,
					]
					m_vecSize = 
					[
						15.090134,
						8.745746,
						7.624916,
					]
				}
				m_flSphereRadius = 31.343819
			},
			
			{
				m_boneName = "quadClavicle_A_R"
				m_parentName = "root"
				m_invBindPose = 
				[
					-0.686437,
					0.598471,
					0.413081,
					-3.049623,
					-0.311361,
					0.271460,
					-0.910694,
					27.584555,
					-0.657159,
					-0.753752,
					-0.000000,
					-23.137915,
				]
				m_bbox = 
				{
					m_vecCenter = 
					[
						-16.139969,
						1.027986,
						1.196092,
					]
					m_vecSize = 
					[
						15.090137,
						8.745746,
						7.624915,
					]
				}
				m_flSphereRadius = 32.580353
			},
			
			{
				m_boneName = "tail0_4"
				m_parentName = "tail0_3"
				m_invBindPose = 
				[
					-0.999650,
					0.000000,
					0.026473,
					-265.437988,
					0.000000,
					1.000000,
					0.000003,
					-0.000064,
					-0.026473,
					0.000003,
					-0.999650,
					26.858492,
				]
				m_bbox = 
				{
					m_vecCenter = 
					[
						-11.320145,
						-0.000011,
						-5.098205,
					]
					m_vecSize = 
					[
						18.924179,
						13.860916,
						9.868842,
					]
				}
				m_flSphereRadius = 31.163885
			},
			
			{
				m_boneName = "quadClavicle_A_L"
				m_parentName = "root"
				m_invBindPose = 
				[
					0.074857,
					0.878031,
					-0.472714,
					-5.414169,
					0.040156,
					0.471005,
					0.881216,
					-34.157730,
					0.996386,
					-0.084948,
					0.000000,
					26.483631,
				]
				m_bbox = 
				{
					m_vecCenter = 
					[
						17.335598,
						-3.384976,
						-9.213040,
					]
					m_vecSize = 
					[
						18.674461,
						15.752866,
						18.680321,
					]
				}
				m_flSphereRadius = 36.230865
			},
			
			{
				m_boneName = "quadAnkle_R"
				m_parentName = "quadKnee_R"
				m_invBindPose = 
				[
					0.488947,
					0.330399,
					0.807321,
					29.095087,
					0.653364,
					-0.751913,
					-0.087981,
					5.552903,
					0.577967,
					0.570493,
					-0.583517,
					102.961563,
				]
				m_bbox = 
				{
					m_vecCenter = 
					[
						-0.999729,
						-0.304885,
						-5.688927,
					]
					m_vecSize = 
					[
						42.778378,
						14.903642,
						22.514183,
					]
				}
				m_flSphereRadius = 44.464695
			},
			
			{
				m_boneName = "neck1"
				m_parentName = "spine3"
				m_invBindPose = 
				[
					0.893053,
					-0.000000,
					0.449951,
					-52.748493,
					-0.000000,
					1.000000,
					0.000000,
					-0.000014,
					-0.449951,
					-0.000000,
					0.893053,
					-101.823586,
				]
				m_bbox = 
				{
					m_vecCenter = 
					[
						-13.511537,
						-0.000001,
						4.282955,
					]
					m_vecSize = 
					[
						17.585320,
						0.000004,
						9.018993,
					]
				}
				m_flSphereRadius = 31.098145
			},
			
			{
				m_boneName = "elbow_L"
				m_parentName = "bicep_L"
				m_invBindPose = 
				[
					0.117032,
					0.370683,
					0.921357,
					-92.418098,
					0.955478,
					-0.295050,
					-0.002661,
					13.652017,
					0.270860,
					0.880648,
					-0.388709,
					-18.761595,
				]
				m_bbox = 
				{
					m_vecCenter = 
					[
						13.852547,
						0.011727,
						0.755342,
					]
					m_vecSize = 
					[
						21.052383,
						8.077709,
						12.001068,
					]
				}
				m_flSphereRadius = 35.534824
			},
			
			{
				m_boneName = "elbow_R"
				m_parentName = "bicep_R"
				m_invBindPose = 
				[
					-0.117032,
					0.370683,
					-0.921357,
					92.418121,
					-0.955479,
					-0.295049,
					0.002662,
					-13.652073,
					-0.270859,
					0.880648,
					0.388709,
					18.761679,
				]
				m_bbox = 
				{
					m_vecCenter = 
					[
						-15.303242,
						-0.011724,
						-0.755316,
					]
					m_vecSize = 
					[
						22.503094,
						8.077710,
						12.001076,
					]
				}
				m_flSphereRadius = 38.083279
			},
			
			{
				m_boneName = "quadHumerous_R"
				m_parentName = "quadClavicle_R"
				m_invBindPose = 
				[
					0.003937,
					0.783420,
					-0.621480,
					46.706013,
					0.998747,
					-0.034079,
					-0.036632,
					21.744635,
					-0.049878,
					-0.620558,
					-0.782573,
					-19.034710,
				]
				m_bbox = 
				{
					m_vecCenter = 
					[
						-9.920151,
						1.112653,
						-1.280986,
					]
					m_vecSize = 
					[
						22.778927,
						9.385869,
						12.563548,
					]
				}
				m_flSphereRadius = 34.118675
			},
			
			{
				m_boneName = "quadKnee_A_L"
				m_parentName = "quadThigh_A_L"
				m_invBindPose = 
				[
					-0.481563,
					0.502469,
					0.718069,
					-64.079063,
					-0.653364,
					-0.751914,
					0.087982,
					-5.552936,
					0.584134,
					-0.426792,
					0.690389,
					46.980942,
				]
				m_bbox = 
				{
					m_vecCenter = 
					[
						8.207504,
						4.344163,
						8.268277,
					]
					m_vecSize = 
					[
						27.410027,
						14.470488,
						18.281178,
					]
				}
				m_flSphereRadius = 37.136700
			},
			
			{
				m_boneName = "quadHumerous_L"
				m_parentName = "quadClavicle_L"
				m_invBindPose = 
				[
					0.585094,
					0.333521,
					0.739208,
					-31.777073,
					-0.529747,
					0.847349,
					0.036990,
					-29.422359,
					-0.614030,
					-0.413236,
					0.672461,
					17.047001,
				]
				m_bbox = 
				{
					m_vecCenter = 
					[
						3.798059,
						-0.454533,
						6.060802,
					]
					m_vecSize = 
					[
						18.061487,
						8.590431,
						16.161438,
					]
				}
				m_flSphereRadius = 23.422636
			},
			
			{
				m_boneName = "quadHumerous_A_R"
				m_parentName = "quadClavicle_A_R"
				m_invBindPose = 
				[
					-0.585094,
					0.333521,
					-0.739209,
					31.777061,
					0.529746,
					0.847349,
					-0.036989,
					29.422358,
					0.614031,
					-0.413235,
					-0.672460,
					-17.047005,
				]
				m_bbox = 
				{
					m_vecCenter = 
					[
						-3.798060,
						0.454523,
						-6.060806,
					]
					m_vecSize = 
					[
						18.061481,
						8.590431,
						16.161438,
					]
				}
				m_flSphereRadius = 23.422646
			},
			
			{
				m_boneName = "quadHumerous_A_L"
				m_parentName = "quadClavicle_A_L"
				m_invBindPose = 
				[
					-0.003936,
					0.783420,
					0.621480,
					-46.705990,
					-0.998748,
					-0.034079,
					0.036633,
					-21.744640,
					0.049878,
					-0.620558,
					0.782573,
					19.034729,
				]
				m_bbox = 
				{
					m_vecCenter = 
					[
						1.587584,
						1.267817,
						4.661921,
					]
					m_vecSize = 
					[
						31.111485,
						11.766347,
						15.944458,
					]
				}
				m_flSphereRadius = 35.061642
			},
			
			{
				m_boneName = "tail0_6"
				m_parentName = "tail0_4"
				m_invBindPose = 
				[
					0.192958,
					-0.000006,
					0.981207,
					5.647182,
					-0.981207,
					-0.000001,
					0.192957,
					-282.784119,
					-0.000000,
					-1.000000,
					-0.000006,
					0.000079,
				]
				m_bbox = 
				{
					m_vecCenter = 
					[
						-4.651947,
						-14.623001,
						0.118307,
					]
					m_vecSize = 
					[
						10.362354,
						31.156784,
						13.779332,
					]
				}
				m_flSphereRadius = 46.366749
			},
			
			{
				m_boneName = "quadElbow_A_R"
				m_parentName = "quadHumerous_A_R"
				m_invBindPose = 
				[
					-0.460463,
					0.323951,
					0.826456,
					2.858341,
					0.529747,
					0.847348,
					-0.036990,
					29.422283,
					-0.712279,
					0.420781,
					-0.561785,
					61.112816,
				]
				m_bbox = 
				{
					m_vecCenter = 
					[
						-3.144575,
						-2.811995,
						-6.743692,
					]
					m_vecSize = 
					[
						35.264137,
						14.308256,
						14.182791,
					]
				}
				m_flSphereRadius = 38.472256
			},
			
			{
				m_boneName = "quadElbow_R"
				m_parentName = "quadHumerous_R"
				m_invBindPose = 
				[
					0.049657,
					0.585548,
					0.809115,
					15.729345,
					0.998747,
					-0.034079,
					-0.036633,
					21.744635,
					0.006124,
					0.809921,
					-0.586507,
					75.599197,
				]
				m_bbox = 
				{
					m_vecCenter = 
					[
						-1.806709,
						2.230158,
						-0.389925,
					]
					m_vecSize = 
					[
						37.728867,
						13.435654,
						26.943998,
					]
				}
				m_flSphereRadius = 41.115349
			},
			
			{
				m_boneName = "quadElbow_L"
				m_parentName = "quadHumerous_L"
				m_invBindPose = 
				[
					0.460463,
					0.323951,
					-0.826457,
					-2.858320,
					-0.529747,
					0.847349,
					0.036990,
					-29.422333,
					0.712280,
					0.420780,
					0.561785,
					-61.112793,
				]
				m_bbox = 
				{
					m_vecCenter = 
					[
						3.144585,
						2.812011,
						6.743683,
					]
					m_vecSize = 
					[
						35.264145,
						14.308255,
						14.182785,
					]
				}
				m_flSphereRadius = 38.472275
			},
			
			{
				m_boneName = "quadElbow_A_L"
				m_parentName = "quadHumerous_A_L"
				m_invBindPose = 
				[
					-0.049657,
					0.585549,
					-0.809115,
					-15.729357,
					-0.998748,
					-0.034079,
					0.036633,
					-21.744604,
					-0.006124,
					0.809921,
					0.586507,
					-75.599197,
				]
				m_bbox = 
				{
					m_vecCenter = 
					[
						1.806704,
						-2.230148,
						0.389921,
					]
					m_vecSize = 
					[
						37.728889,
						13.435659,
						26.944002,
					]
				}
				m_flSphereRadius = 41.115368
			},
			
			{
				m_boneName = "quadAnkle_A_L"
				m_parentName = "quadKnee_A_L"
				m_invBindPose = 
				[
					-0.488947,
					0.330398,
					-0.807321,
					-29.095125,
					-0.653364,
					-0.751914,
					0.087982,
					-5.552983,
					-0.577966,
					0.570494,
					0.583517,
					-102.961609,
				]
				m_bbox = 
				{
					m_vecCenter = 
					[
						0.999714,
						0.304918,
						5.688911,
					]
					m_vecSize = 
					[
						42.778378,
						14.903646,
						22.514183,
					]
				}
				m_flSphereRadius = 44.464676
			},
			
			{
				m_boneName = "head"
				m_parentName = "neck1"
				m_invBindPose = 
				[
					0.997810,
					-0.000000,
					-0.066152,
					-11.405931,
					-0.000000,
					1.000000,
					-0.000000,
					0.000007,
					0.066152,
					0.000000,
					0.997810,
					-124.944061,
				]
				m_bbox = 
				{
					m_vecCenter = 
					[
						-11.337472,
						-0.000004,
						6.101952,
					]
					m_vecSize = 
					[
						27.685188,
						30.173532,
						36.670570,
					]
				}
				m_flSphereRadius = 59.318264
			},
			
			{
				m_boneName = "wrist_L"
				m_parentName = "elbow_L"
				m_invBindPose = 
				[
					0.062429,
					0.615595,
					-0.785586,
					45.638374,
					-0.307871,
					-0.736858,
					-0.601876,
					120.628616,
					-0.949378,
					0.279434,
					0.143523,
					-28.475710,
				]
				m_bbox = 
				{
					m_vecCenter = 
					[
						20.260101,
						-1.076797,
						-1.139589,
					]
					m_vecSize = 
					[
						35.203037,
						10.001938,
						14.668446,
					]
				}
				m_flSphereRadius = 56.433819
			},
			
			{
				m_boneName = "wrist_R"
				m_parentName = "elbow_R"
				m_invBindPose = 
				[
					-0.062429,
					0.615595,
					0.785586,
					-45.638317,
					0.307871,
					-0.736858,
					0.601877,
					-120.628708,
					0.949378,
					0.279434,
					-0.143523,
					28.475801,
				]
				m_bbox = 
				{
					m_vecCenter = 
					[
						-22.188490,
						2.511471,
						1.488163,
					]
					m_vecSize = 
					[
						39.166199,
						12.406544,
						15.802855,
					]
				}
				m_flSphereRadius = 62.434521
			},
			
			{
				m_boneName = "quadToe_R"
				m_parentName = "quadAnkle_R"
				m_invBindPose = 
				[
					-0.175123,
					-0.267667,
					0.947463,
					-39.216732,
					-0.892222,
					-0.363722,
					-0.267668,
					-117.273788,
					0.416259,
					-0.892222,
					-0.175122,
					-29.053101,
				]
				m_bbox = 
				{
					m_vecCenter = 
					[
						-4.177611,
						-58.070515,
						-21.508284,
					]
					m_vecSize = 
					[
						4.391353,
						8.273632,
						7.072147,
					]
				}
				m_flSphereRadius = 72.264267
			},
			
			{
				m_boneName = "tail0_7"
				m_parentName = "tail0_6"
				m_invBindPose = 
				[
					-0.000001,
					1.000000,
					0.000005,
					-0.000453,
					0.000000,
					-0.000005,
					1.000000,
					-61.709854,
					1.000000,
					0.000001,
					-0.000000,
					276.064941,
				]
				m_bbox = 
				{
					m_vecCenter = 
					[
						0.000003,
						7.018972,
						18.164566,
					]
					m_vecSize = 
					[
						16.675758,
						31.898516,
						36.986130,
					]
				}
				m_flSphereRadius = 65.460625
			},
		]
		m_boneParents = 
		[
		]
		m_nBoneWeightCount = 4
	}
	m_attachments = 
	[
		
		{
			key = "attach_attack1"
			value = 
			{
				m_name = "attach_attack1"
				m_influenceNames = 
				[
					"wrist_L",
					"",
					"",
				]
				m_vInfluenceOffsets = 
				[
					
					[
						14.076595,
						-6.701172,
						-1.429513,
					],
					
					[
						0.000000,
						0.000000,
						0.000000,
					],
					
					[
						0.000000,
						0.000000,
						0.000000,
					],
				]
				m_vInfluenceRotations = 
				[
					
					[
						0.996066,
						0.048037,
						-0.048107,
						0.056841,
					],
					
					[
						0.000000,
						0.000000,
						0.000000,
						1.000000,
					],
					
					[
						0.000000,
						0.000000,
						0.000000,
						1.000000,
					],
				]
				m_influenceWeights = 
				[
					1.000000,
					0.000000,
					0.000000,
				]
				m_bInfluenceRootTransform = 
				[
					false,
					false,
					false,
				]
				m_nInfluences = 1
				m_bIgnoreRotation = false
			}
		},
		
		{
			key = "attach_hitloc"
			value = 
			{
				m_name = "attach_hitloc"
				m_influenceNames = 
				[
					"spine2",
					"",
					"",
				]
				m_vInfluenceOffsets = 
				[
					
					[
						2.868626,
						0.000000,
						0.850952,
					],
					
					[
						0.000000,
						0.000000,
						0.000000,
					],
					
					[
						0.000000,
						0.000000,
						0.000000,
					],
				]
				m_vInfluenceRotations = 
				[
					
					[
						0.489838,
						0.500095,
						-0.499905,
						0.509960,
					],
					
					[
						0.000000,
						0.000000,
						0.000000,
						1.000000,
					],
					
					[
						0.000000,
						0.000000,
						0.000000,
						1.000000,
					],
				]
				m_influenceWeights = 
				[
					1.000000,
					0.000000,
					0.000000,
				]
				m_bInfluenceRootTransform = 
				[
					false,
					false,
					false,
				]
				m_nInfluences = 1
				m_bIgnoreRotation = false
			}
		},
		
		{
			key = "attach_tail"
			value = 
			{
				m_name = "attach_tail"
				m_influenceNames = 
				[
					"tail0_3",
					"",
					"",
				]
				m_vInfluenceOffsets = 
				[
					
					[
						31.055649,
						-0.428858,
						1.169342,
					],
					
					[
						0.000000,
						0.000000,
						0.000000,
					],
					
					[
						0.000000,
						0.000000,
						0.000000,
					],
				]
				m_vInfluenceRotations = 
				[
					
					[
						-0.706888,
						-0.001131,
						-0.017589,
						0.707106,
					],
					
					[
						0.000000,
						0.000000,
						0.000000,
						1.000000,
					],
					
					[
						0.000000,
						0.000000,
						0.000000,
						1.000000,
					],
				]
				m_influenceWeights = 
				[
					1.000000,
					0.000000,
					0.000000,
				]
				m_bInfluenceRootTransform = 
				[
					false,
					false,
					false,
				]
				m_nInfluences = 1
				m_bIgnoreRotation = false
			}
		},
		
		{
			key = "attach_attack2"
			value = 
			{
				m_name = "attach_attack2"
				m_influenceNames = 
				[
					"wrist_R",
					"",
					"",
				]
				m_vInfluenceOffsets = 
				[
					
					[
						-17.772818,
						6.615059,
						0.000006,
					],
					
					[
						0.000000,
						0.000000,
						0.000000,
					],
					
					[
						0.000000,
						0.000000,
						0.000000,
					],
				]
				m_vInfluenceRotations = 
				[
					
					[
						0.000000,
						0.000000,
						0.000000,
						1.000000,
					],
					
					[
						0.000000,
						0.000000,
						0.000000,
						1.000000,
					],
					
					[
						0.000000,
						0.000000,
						0.000000,
						1.000000,
					],
				]
				m_influenceWeights = 
				[
					1.000000,
					0.000000,
					0.000000,
				]
				m_bInfluenceRootTransform = 
				[
					false,
					false,
					false,
				]
				m_nInfluences = 1
				m_bIgnoreRotation = false
			}
		},
		
		{
			key = "attach_tail2"
			value = 
			{
				m_name = "attach_tail2"
				m_influenceNames = 
				[
					"tail0_3",
					"",
					"",
				]
				m_vInfluenceOffsets = 
				[
					
					[
						-6.283829,
						-0.000001,
						-0.000015,
					],
					
					[
						0.000000,
						0.000000,
						0.000000,
					],
					
					[
						0.000000,
						0.000000,
						0.000000,
					],
				]
				m_vInfluenceRotations = 
				[
					
					[
						-0.710122,
						0.000000,
						0.000000,
						0.704079,
					],
					
					[
						0.000000,
						0.000000,
						0.000000,
						1.000000,
					],
					
					[
						0.000000,
						0.000000,
						0.000000,
						1.000000,
					],
				]
				m_influenceWeights = 
				[
					1.000000,
					0.000000,
					0.000000,
				]
				m_bInfluenceRootTransform = 
				[
					false,
					false,
					false,
				]
				m_nInfluences = 1
				m_bIgnoreRotation = false
			}
		},
		
		{
			key = "attach_tail3"
			value = 
			{
				m_name = "attach_tail3"
				m_influenceNames = 
				[
					"tail0_2",
					"",
					"",
				]
				m_vInfluenceOffsets = 
				[
					
					[
						1.736145,
						0.000000,
						0.000000,
					],
					
					[
						0.000000,
						0.000000,
						0.000000,
					],
					
					[
						0.000000,
						0.000000,
						0.000000,
					],
				]
				m_vInfluenceRotations = 
				[
					
					[
						-0.712577,
						-0.000000,
						-0.000000,
						0.701594,
					],
					
					[
						0.000000,
						0.000000,
						0.000000,
						1.000000,
					],
					
					[
						0.000000,
						0.000000,
						0.000000,
						1.000000,
					],
				]
				m_influenceWeights = 
				[
					1.000000,
					0.000000,
					0.000000,
				]
				m_bInfluenceRootTransform = 
				[
					false,
					false,
					false,
				]
				m_nInfluences = 1
				m_bIgnoreRotation = false
			}
		},
		
		{
			key = "attach_tail4"
			value = 
			{
				m_name = "attach_tail4"
				m_influenceNames = 
				[
					"tail0_1",
					"",
					"",
				]
				m_vInfluenceOffsets = 
				[
					
					[
						8.906052,
						-0.000001,
						0.000006,
					],
					
					[
						0.000000,
						0.000000,
						0.000000,
					],
					
					[
						0.000000,
						0.000000,
						0.000000,
					],
				]
				m_vInfluenceRotations = 
				[
					
					[
						-0.712271,
						-0.000000,
						0.000000,
						0.701904,
					],
					
					[
						0.000000,
						0.000000,
						0.000000,
						1.000000,
					],
					
					[
						0.000000,
						0.000000,
						0.000000,
						1.000000,
					],
				]
				m_influenceWeights = 
				[
					1.000000,
					0.000000,
					0.000000,
				]
				m_bInfluenceRootTransform = 
				[
					false,
					false,
					false,
				]
				m_nInfluences = 1
				m_bIgnoreRotation = false
			}
		},
	]
	m_hitboxsets = 
	[
		
		{
			key = "default"
			value = 
			{
				m_name = "default"
				m_nNameHash = 1977497166
				m_HitBoxes = 
				[
					
					{
						m_vMinBounds = 
						[
							-4.179822,
							-12.530874,
							-40.235111,
						]
						m_vMaxBounds = 
						[
							22.621157,
							12.530873,
							40.328129,
						]
						m_name = "head"
						m_sSurfaceProperty = "default"
						m_sBoneName = "head"
						m_flShapeRadius = 0.000000
						m_nBoneNameHash = 1237665725
						m_nGroupId = 0
						m_cRenderColor = 
						[
							255,
							255,
							255,
							64,
						]
						m_nHitBoxIndex = 0
						m_nShapeType = 0
						m_bTranslationOnly = false
						m_bVisible = false
						m_bSelected = false
					},
					
					{
						m_vMinBounds = 
						[
							-7.199812,
							-5.772882,
							-5.923875,
						]
						m_vMaxBounds = 
						[
							33.544788,
							5.662358,
							8.173592,
						]
						m_name = "elbow_L"
						m_sSurfaceProperty = "default"
						m_sBoneName = "elbow_L"
						m_flShapeRadius = 0.000000
						m_nBoneNameHash = 539281912
						m_nGroupId = 0
						m_cRenderColor = 
						[
							255,
							255,
							255,
							64,
						]
						m_nHitBoxIndex = 1
						m_nShapeType = 0
						m_bTranslationOnly = false
						m_bVisible = false
						m_bSelected = false
					},
					
					{
						m_vMinBounds = 
						[
							-6.771970,
							-6.861161,
							-6.470697,
						]
						m_vMaxBounds = 
						[
							34.473934,
							7.427012,
							11.272275,
						]
						m_name = "bicep_L"
						m_sSurfaceProperty = "default"
						m_sBoneName = "bicep_L"
						m_flShapeRadius = 0.000000
						m_nBoneNameHash = 1192766999
						m_nGroupId = 0
						m_cRenderColor = 
						[
							255,
							255,
							255,
							64,
						]
						m_nHitBoxIndex = 2
						m_nShapeType = 0
						m_bTranslationOnly = false
						m_bVisible = false
						m_bSelected = false
					},
					
					{
						m_vMinBounds = 
						[
							-33.728970,
							-6.767056,
							-9.228655,
						]
						m_vMaxBounds = 
						[
							7.199812,
							6.899141,
							6.688540,
						]
						m_name = "elbow_R"
						m_sSurfaceProperty = "default"
						m_sBoneName = "elbow_R"
						m_flShapeRadius = 0.000000
						m_nBoneNameHash = 1913850630
						m_nGroupId = 0
						m_cRenderColor = 
						[
							255,
							255,
							255,
							64,
						]
						m_nHitBoxIndex = 3
						m_nShapeType = 0
						m_bTranslationOnly = false
						m_bVisible = false
						m_bSelected = false
					},
					
					{
						m_vMinBounds = 
						[
							-34.473934,
							-8.199619,
							-9.959915,
						]
						m_vMaxBounds = 
						[
							6.771970,
							7.328107,
							5.717354,
						]
						m_name = "bicep_R"
						m_sSurfaceProperty = "default"
						m_sBoneName = "bicep_R"
						m_flShapeRadius = 0.000000
						m_nBoneNameHash = 1607138210
						m_nGroupId = 0
						m_cRenderColor = 
						[
							255,
							255,
							255,
							64,
						]
						m_nHitBoxIndex = 4
						m_nShapeType = 0
						m_bTranslationOnly = false
						m_bVisible = false
						m_bSelected = false
					},
					
					{
						m_vMinBounds = 
						[
							-4.810112,
							-20.987455,
							-15.334178,
						]
						m_vMaxBounds = 
						[
							34.249050,
							24.925470,
							24.946741,
						]
						m_name = "spine3"
						m_sSurfaceProperty = "default"
						m_sBoneName = "spine3"
						m_flShapeRadius = 0.000000
						m_nBoneNameHash = 3673180747
						m_nGroupId = 0
						m_cRenderColor = 
						[
							255,
							255,
							255,
							64,
						]
						m_nHitBoxIndex = 5
						m_nShapeType = 0
						m_bTranslationOnly = false
						m_bVisible = false
						m_bSelected = false
					},
					
					{
						m_vMinBounds = 
						[
							13.039309,
							-23.171446,
							-21.087177,
						]
						m_vMaxBounds = 
						[
							46.739780,
							23.171446,
							24.444105,
						]
						m_name = "spine1"
						m_sSurfaceProperty = "default"
						m_sBoneName = "spine1"
						m_flShapeRadius = 0.000000
						m_nBoneNameHash = 104719390
						m_nGroupId = 0
						m_cRenderColor = 
						[
							255,
							255,
							255,
							64,
						]
						m_nHitBoxIndex = 6
						m_nShapeType = 0
						m_bTranslationOnly = false
						m_bVisible = false
						m_bSelected = false
					},
					
					{
						m_vMinBounds = 
						[
							-28.310301,
							-5.394626,
							-5.774352,
						]
						m_vMaxBounds = 
						[
							0.789701,
							8.754259,
							7.959761,
						]
						m_name = "quadHumerous_R"
						m_sSurfaceProperty = "default"
						m_sBoneName = "quadHumerous_R"
						m_flShapeRadius = 0.000000
						m_nBoneNameHash = 3143376622
						m_nGroupId = 0
						m_cRenderColor = 
						[
							255,
							255,
							255,
							64,
						]
						m_nHitBoxIndex = 7
						m_nShapeType = 0
						m_bTranslationOnly = false
						m_bVisible = false
						m_bSelected = false
					},
					
					{
						m_vMinBounds = 
						[
							-31.631895,
							-9.751152,
							-6.014769,
						]
						m_vMaxBounds = 
						[
							-0.673387,
							7.603725,
							5.873386,
						]
						m_name = "quadClavicle_R"
						m_sSurfaceProperty = "default"
						m_sBoneName = "quadClavicle_R"
						m_flShapeRadius = 0.000000
						m_nBoneNameHash = 4131291421
						m_nGroupId = 0
						m_cRenderColor = 
						[
							255,
							255,
							255,
							64,
						]
						m_nHitBoxIndex = 8
						m_nShapeType = 0
						m_bTranslationOnly = false
						m_bVisible = false
						m_bSelected = false
					},
					
					{
						m_vMinBounds = 
						[
							-29.125311,
							-7.799209,
							-7.413766,
						]
						m_vMaxBounds = 
						[
							4.557901,
							8.583381,
							7.271075,
						]
						m_name = "quadKnee_R"
						m_sSurfaceProperty = "default"
						m_sBoneName = "quadKnee_R"
						m_flShapeRadius = 0.000000
						m_nBoneNameHash = 3718665368
						m_nGroupId = 0
						m_cRenderColor = 
						[
							255,
							255,
							255,
							64,
						]
						m_nHitBoxIndex = 9
						m_nShapeType = 0
						m_bTranslationOnly = false
						m_bVisible = false
						m_bSelected = false
					},
					
					{
						m_vMinBounds = 
						[
							-32.066357,
							-6.634075,
							-5.861942,
						]
						m_vMaxBounds = 
						[
							-3.992910,
							9.195145,
							6.175952,
						]
						m_name = "quadThigh_R"
						m_sSurfaceProperty = "default"
						m_sBoneName = "quadThigh_R"
						m_flShapeRadius = 0.000000
						m_nBoneNameHash = 678514837
						m_nGroupId = 0
						m_cRenderColor = 
						[
							255,
							255,
							255,
							64,
						]
						m_nHitBoxIndex = 10
						m_nShapeType = 0
						m_bTranslationOnly = false
						m_bVisible = false
						m_bSelected = false
					},
					
					{
						m_vMinBounds = 
						[
							-2.075618,
							-7.033141,
							-8.253420,
						]
						m_vMaxBounds = 
						[
							29.125311,
							6.390598,
							8.415388,
						]
						m_name = "quadKnee_A_L"
						m_sSurfaceProperty = "default"
